1740467290607 15.9 0
1740467300620 47.0 1
1740467310677 53.6 2
1740467320888 47.0 3
1740467331115 44.7 4
1740467341343 43.7 5
1740467351416 44.0 6
1740467361498 42.4 7
1740467371606 42.7 8
1740467381832 42.2 9
1740467392055 46.3 10
1740467402380 46.2 11
1740467412543 44.3 12
1740467422683 44.2 13
1740467432701 43.7 14
1740467442898 44.5 15
1740467453091 43.3 16
1740467463228 45.1 17
1740467473246 42.9 18
1740467483475 44.7 19
1740467493686 43.6 20
1740467503941 44.4 21
1740467514187 42.7 22
1740467524329 43.4 23
1740467534385 44.2 24
1740467544611 43.3 25
1740467554744 44.4 26
1740467564847 43.5 27
1740467574941 43.8 28
1740467585148 43.3 29
1740467595182 44.7 30
1740467605312 43.5 31
1740467615495 44.4 32
1740467625831 44.0 33
1740467635978 44.8 34
1740467646264 46.4 35
1740467656423 45.2 36
1740467666609 45.5 37
1740467676758 45.7 38
1740467687188 44.8 39
1740467697435 45.7 40
1740467707541 46.2 41
1740467717683 47.0 42
1740467728011 48.5 43
1740467738188 48.3 44
1740467748489 48.3 45
1740467758932 45.9 46
1740467769168 45.4 47
1740467779543 46.0 48
1740467789630 45.2 49
1740467799755 46.3 50
1740467809786 46.5 51
1740467819921 42.7 52
1740467830127 43.7 53
1740467840313 43.8 54
1740467850367 44.2 55
1740467860507 44.6 56
1740467870525 44.2 57
1740467880802 53.2 58
1740467891168 56.3 59
1740467901359 50.5 60
1740467911598 54.3 61
1740467921735 55.2 62
1740467931973 54.5 63
1740467942295 53.2 64
1740467952373 58.9 65
1740467962526 55.0 66
1740467972640 53.3 67
1740467982966 54.4 68
1740467993335 50.5 69
1740468003641 54.1 70
1740468013785 49.9 71
1740468024068 50.2 72
1740468034257 66.6 73
1740468044557 28.3 74
1740468054882 43.3 75
1740468065155 50.9 76
1740468075280 49.0 77
1740468085332 51.1 78
1740468095465 88.7 79
1740468105489 56.0 80
1740468115692 30.0 81
1740468125943 31.6 82
1740468135971 55.0 83
1740468146193 45.9 84
1740468156225 48.7 85
1740468166450 51.2 86
1740468176699 68.8 87
1740468186949 73.0 88
1740468197209 71.0 89
1740468207318 63.1 90
1740468217500 62.2 91
1740468227618 52.8 92
1740468238031 62.9 93
1740468248093 57.0 94
1740468258235 50.2 95
1740468268396 50.8 96
1740468278677 39.8 97
