1740467290607 53.4 0
1740467300620 53.4 1
1740467310677 53.4 2
1740467320888 53.4 3
1740467331115 53.4 4
1740467341343 53.4 5
1740467351416 53.4 6
1740467361498 53.4 7
1740467371606 53.4 8
1740467381832 53.4 9
1740467392055 53.4 10
1740467402380 53.4 11
1740467412543 53.4 12
1740467422683 53.4 13
1740467432701 53.4 14
1740467442898 53.4 15
1740467453091 53.4 16
1740467463228 53.4 17
1740467473246 53.4 18
1740467483475 53.4 19
1740467493686 53.4 20
1740467503941 53.4 21
1740467514187 53.4 22
1740467524329 53.4 23
1740467534385 53.4 24
1740467544611 53.4 25
1740467554744 53.4 26
1740467564847 53.4 27
1740467574941 53.4 28
1740467585148 53.4 29
1740467595182 53.4 30
1740467605312 53.4 31
1740467615495 53.4 32
1740467625831 53.4 33
1740467635978 53.4 34
1740467646264 53.4 35
1740467656423 53.4 36
1740467666609 53.4 37
1740467676758 53.4 38
1740467687188 53.4 39
1740467697435 53.4 40
1740467707541 53.4 41
1740467717683 53.4 42
1740467728011 53.4 43
1740467738188 53.4 44
1740467748489 53.4 45
1740467758932 53.4 46
1740467769168 53.4 47
1740467779543 53.4 48
1740467789630 53.4 49
1740467799755 53.4 50
1740467809786 53.4 51
1740467819921 53.4 52
1740467830127 53.4 53
1740467840313 53.4 54
1740467850367 53.4 55
1740467860507 53.4 56
1740467870525 53.4 57
1740467880802 53.4 58
1740467891168 53.4 59
1740467901359 53.4 60
1740467911598 53.4 61
1740467921735 53.4 62
1740467931973 53.4 63
1740467942295 53.4 64
1740467952373 53.4 65
1740467962526 53.4 66
1740467972640 53.4 67
1740467982966 53.4 68
1740467993335 53.4 69
1740468003641 53.4 70
1740468013785 53.4 71
1740468024068 53.4 72
1740468034257 53.4 73
1740468044557 53.4 74
1740468054882 53.4 75
1740468065155 53.4 76
1740468075280 53.4 77
1740468085332 53.4 78
1740468095465 53.4 79
1740468105489 53.4 80
1740468115692 53.4 81
1740468125943 53.4 82
1740468135971 53.4 83
1740468146193 53.4 84
1740468156225 53.4 85
1740468166450 53.4 86
1740468176699 53.4 87
1740468186949 53.4 88
1740468197209 53.4 89
1740468207318 53.4 90
1740468217500 53.4 91
1740468227618 53.4 92
1740468238031 53.4 93
1740468248093 53.4 94
1740468258235 53.4 95
1740468268396 53.4 96
1740468278677 53.4 97
