1740467290607 14457.2 0
1740467300620 14456.5 1
1740467310677 14456.5 2
1740467320888 14456.5 3
1740467331115 14456.5 4
1740467341343 14456.5 5
1740467351416 14456.5 6
1740467361498 14456.5 7
1740467371606 14456.5 8
1740467381832 14456.5 9
1740467392055 14456.5 10
1740467402380 14456.5 11
1740467412543 14456.5 12
1740467422683 14456.5 13
1740467432701 14456.5 14
1740467442898 14456.5 15
1740467453091 14456.5 16
1740467463228 14456.5 17
1740467473246 14456.5 18
1740467483475 14456.5 19
1740467493686 14456.5 20
1740467503941 14456.5 21
1740467514187 14456.5 22
1740467524329 14456.5 23
1740467534385 14456.5 24
1740467544611 14456.5 25
1740467554744 14456.5 26
1740467564847 14456.5 27
1740467574941 14456.5 28
1740467585148 14456.5 29
1740467595182 14456.5 30
1740467605312 14456.5 31
1740467615495 14456.5 32
1740467625831 14456.5 33
1740467635978 14456.5 34
1740467646264 14456.5 35
1740467656423 14456.5 36
1740467666609 14456.5 37
1740467676758 14456.5 38
1740467687188 14456.5 39
1740467697435 14456.5 40
1740467707541 14456.5 41
1740467717683 14456.5 42
1740467728011 14456.5 43
1740467738188 14456.5 44
1740467748489 14456.5 45
1740467758932 14456.5 46
1740467769168 14456.5 47
1740467779543 14456.5 48
1740467789630 14456.5 49
1740467799755 14456.5 50
1740467809786 14456.5 51
1740467819921 14456.5 52
1740467830127 14456.5 53
1740467840313 14456.5 54
1740467850367 14456.4 55
1740467860507 14456.4 56
1740467870525 14456.4 57
1740467880802 14456.3 58
1740467891168 14456.3 59
1740467901359 14456.3 60
1740467911598 14456.3 61
1740467921735 14456.3 62
1740467931973 14456.3 63
1740467942295 14456.3 64
1740467952373 14453.7 65
1740467962526 14453.7 66
1740467972640 14453.7 67
1740467982966 14453.7 68
1740467993335 14453.7 69
1740468003641 14453.7 70
1740468013785 14453.7 71
1740468024068 14454.3 72
1740468034257 14454.2 73
1740468044557 14454.2 74
1740468054882 14454.2 75
1740468065155 14454.2 76
1740468075280 14454.2 77
1740468085332 14454.3 78
1740468095465 14454.2 79
1740468105489 14454.2 80
1740468115692 14454.2 81
1740468125943 14454.2 82
1740468135971 14454.0 83
1740468146193 14454.0 84
1740468156225 14454.0 85
1740468166450 14454.0 86
1740468176699 14454.0 87
1740468186949 14454.0 88
1740468197209 14454.0 89
1740468207318 14454.0 90
1740468217500 14454.0 91
1740468227618 14454.0 92
1740468238031 14454.0 93
1740468248093 14454.0 94
1740468258235 14454.0 95
1740468268396 14454.0 96
1740468278677 14454.0 97
