1740467290607 16551.4 0
1740467300620 16552.1 1
1740467310677 16552.0 2
1740467320888 16552.0 3
1740467331115 16552.0 4
1740467341343 16552.0 5
1740467351416 16552.0 6
1740467361498 16552.0 7
1740467371606 16552.0 8
1740467381832 16552.0 9
1740467392055 16552.0 10
1740467402380 16552.0 11
1740467412543 16552.0 12
1740467422683 16552.0 13
1740467432701 16552.0 14
1740467442898 16552.0 15
1740467453091 16552.0 16
1740467463228 16552.0 17
1740467473246 16552.0 18
1740467483475 16552.0 19
1740467493686 16552.0 20
1740467503941 16552.0 21
1740467514187 16552.0 22
1740467524329 16552.0 23
1740467534385 16552.0 24
1740467544611 16552.0 25
1740467554744 16552.0 26
1740467564847 16552.0 27
1740467574941 16552.0 28
1740467585148 16552.0 29
1740467595182 16552.0 30
1740467605312 16552.0 31
1740467615495 16552.0 32
1740467625831 16552.0 33
1740467635978 16552.0 34
1740467646264 16552.0 35
1740467656423 16552.0 36
1740467666609 16552.0 37
1740467676758 16552.0 38
1740467687188 16552.0 39
1740467697435 16552.0 40
1740467707541 16552.0 41
1740467717683 16552.0 42
1740467728011 16552.0 43
1740467738188 16552.0 44
1740467748489 16552.0 45
1740467758932 16552.0 46
1740467769168 16552.0 47
1740467779543 16552.0 48
1740467789630 16552.0 49
1740467799755 16552.0 50
1740467809786 16552.0 51
1740467819921 16552.0 52
1740467830127 16552.0 53
1740467840313 16552.0 54
1740467850367 16552.2 55
1740467860507 16552.2 56
1740467870525 16552.2 57
1740467880802 16552.2 58
1740467891168 16552.3 59
1740467901359 16552.2 60
1740467911598 16552.2 61
1740467921735 16552.3 62
1740467931973 16552.3 63
1740467942295 16552.3 64
1740467952373 16554.8 65
1740467962526 16554.9 66
1740467972640 16554.9 67
1740467982966 16554.9 68
1740467993335 16554.9 69
1740468003641 16554.9 70
1740468013785 16554.9 71
1740468024068 16554.3 72
1740468034257 16554.3 73
1740468044557 16554.3 74
1740468054882 16554.3 75
1740468065155 16554.3 76
1740468075280 16554.4 77
1740468085332 16554.3 78
1740468095465 16554.3 79
1740468105489 16554.3 80
1740468115692 16554.3 81
1740468125943 16554.3 82
1740468135971 16554.5 83
1740468146193 16554.5 84
1740468156225 16554.5 85
1740468166450 16554.5 86
1740468176699 16554.5 87
1740468186949 16554.5 88
1740468197209 16554.5 89
1740468207318 16554.5 90
1740468217500 16554.6 91
1740468227618 16554.6 92
1740468238031 16554.6 93
1740468248093 16554.6 94
1740468258235 16554.6 95
1740468268396 16554.6 96
1740468278677 16554.6 97
