1740467290607 0.0017149999999990229 0
1740467300620 0.08284699999999923 1
1740467310677 0.3087479999999996 2
1740467320888 0.5084889999999991 3
1740467331115 0.746872999999999 4
1740467341343 0.9748350000000006 5
1740467351416 1.1847619999999992 6
1740467361498 1.4288179999999997 7
1740467371606 1.662787999999999 8
1740467381832 1.8721029999999992 9
1740467392055 2.108986 10
1740467402380 2.345407999999999 11
1740467412543 2.554606999999999 12
1740467422683 2.787711 13
1740467432701 3.0228590000000004 14
1740467442898 3.2237209999999994 15
1740467453091 3.463087 16
1740467463228 3.6995489999999993 17
1740467473246 3.908842 18
1740467483475 4.140815999999999 19
1740467493686 4.3881879999999995 20
1740467503941 4.645306999999999 21
1740467514187 4.8889309999999995 22
1740467524329 5.126894 23
1740467534385 5.330188 24
1740467544611 5.565300000000001 25
1740467554744 5.8000039999999995 26
1740467564847 5.998583999999999 27
1740467574941 6.23442 28
1740467585148 6.476125 29
1740467595182 6.675255999999999 30
1740467605312 6.915569999999999 31
1740467615495 7.152208999999999 32
1740467625831 7.379851 33
1740467635978 7.592543000000001 34
1740467646264 7.825631 35
1740467656423 8.069259999999998 36
1740467666609 8.274534000000001 37
1740467676758 8.515279000000001 38
1740467687188 8.751268000000001 39
1740467697435 8.958476 40
1740467707541 9.194185 41
1740467717683 9.427408999999999 42
1740467728011 9.627851000000001 43
1740467738188 9.873558999999998 44
1740467748489 10.104259999999998 45
1740467758932 10.318709 46
1740467769168 10.547227999999999 47
1740467779543 10.784028999999999 48
1740467789630 11.000739999999999 49
1740467799755 11.331846 50
1740467809786 11.564368 51
1740467819921 11.78137 52
1740467830127 12.018875 53
1740467840313 12.264186999999998 54
1740467850367 12.497492 55
1740467860507 12.693945999999999 56
1740467870525 12.931606 57
1740467880802 13.119628999999998 58
1740467891168 13.322501999999998 59
1740467901359 13.508535 60
1740467911598 13.707883999999998 61
1740467921735 13.891122999999999 62
1740467931973 14.075531 63
1740467942295 14.261899999999999 64
1740467952373 14.440855 65
1740467962526 14.651794999999998 66
1740467972640 14.823358 67
1740467982966 14.998698 68
1740467993335 15.182046999999999 69
1740468003641 15.358835999999998 70
1740468013785 15.553112 71
1740468024068 15.786988 72
1740468034257 15.971745 73
1740468044557 16.146625 74
1740468054882 16.318664 75
1740468065155 16.479267999999998 76
1740468075280 16.678167000000002 77
1740468085332 16.840286 78
1740468095465 16.949733000000002 79
1740468105489 17.226008999999998 80
1740468115692 17.389409 81
1740468125943 17.560909000000002 82
1740468135971 17.840021999999998 83
1740468146193 18.014634 84
1740468156225 18.26656 85
1740468166450 18.453038 86
1740468176699 18.687083 87
1740468186949 18.936737 88
1740468197209 19.125715999999997 89
1740468207318 19.306246 90
1740468217500 19.494583 91
1740468227618 19.679743000000002 92
1740468238031 19.961796 93
1740468248093 20.130961999999997 94
1740468258235 20.290352 95
1740468268396 20.446444999999997 96
1740468278677 20.620967 97
