1740467290607 0.001714999999990141 0
1740467300620 6.746015999999997 1
1740467310677 14.502422000000024 2
1740467320888 22.37769400000002 3
1740467331115 30.593120999999996 4
1740467341343 38.34995600000002 5
1740467351416 46.52635600000002 6
1740467361498 54.70093200000002 7
1740467371606 62.50310300000001 8
1740467381832 70.79648200000003 9
1740467392055 78.899134 10
1740467402380 86.959045 11
1740467412543 95.06672600000002 12
1740467422683 103.41694000000001 13
1740467432701 111.23702800000001 14
1740467442898 119.07052800000002 15
1740467453091 127.30415199999999 16
1740467463228 135.259438 17
1740467473246 143.084091 18
1740467483475 151.142969 19
1740467493686 159.01982900000002 20
1740467503941 166.64192000000003 21
1740467514187 174.490186 22
1740467524329 182.313174 23
1740467534385 190.186846 24
1740467544611 198.011192 25
1740467554744 205.919062 26
1740467564847 213.49296700000002 27
1740467574941 221.36584 28
1740467585148 229.24746199999998 29
1740467595182 237.218462 30
1740467605312 245.047928 31
1740467615495 253.012565 32
1740467625831 260.74678700000004 33
1740467635978 268.92720699999995 34
1740467646264 276.83166600000004 35
1740467656423 284.87209199999995 36
1740467666609 292.937511 37
1740467676758 301.022284 38
1740467687188 309.30675799999995 39
1740467697435 317.105324 40
1740467707541 325.23931100000004 41
1740467717683 333.28083000000004 42
1740467728011 341.277475 43
1740467738188 349.194339 44
1740467748489 356.934614 45
1740467758932 364.96925899999997 46
1740467769168 373.02469699999995 47
1740467779543 381.13901999999996 48
1740467789630 389.112707 49
1740467799755 397.317678 50
1740467809786 405.13766699999996 51
1740467819921 412.947585 52
1740467830127 420.80047 53
1740467840313 428.85463200000004 54
1740467850367 435.831011 55
1740467860507 443.477585 56
1740467870525 451.60183099999995 57
1740467880802 457.345091 58
1740467891168 461.28587600000003 59
1740467901359 464.58554200000003 60
1740467911598 468.39534100000003 61
1740467921735 471.3311 62
1740467931973 475.04432399999996 63
1740467942295 478.94323099999997 64
1740467952373 482.160572 65
1740467962526 483.90925100000004 66
1740467972640 485.346851 67
1740467982966 488.240191 68
1740467993335 490.959422 69
1740468003641 492.55115 70
1740468013785 497.32706900000005 71
1740468024068 505.22657300000003 72
1740468034257 510.26658499999996 73
1740468044557 510.45225100000005 74
1740468054882 511.05981899999995 75
1740468065155 511.48454000000004 76
1740468075280 514.253543 77
1740468085332 515.067116 78
1740468095465 516.367837 79
1740468105489 517.045545 80
1740468115692 517.212363 81
1740468125943 517.505616 82
1740468135971 518.665678 83
1740468146193 519.115096 84
1740468156225 519.89509 85
1740468166450 520.526153 86
1740468176699 521.970038 87
1740468186949 523.731816 88
1740468197209 525.762938 89
1740468207318 527.194754 90
1740468217500 528.76587 91
1740468227618 529.737925 92
1740468238031 531.115961 93
1740468248093 532.599412 94
1740468258235 533.134458 95
1740468268396 534.478465 96
1740468278677 535.17592 97
