1740467290607 24.0 0
1740467300620 24.1 1
1740467310677 23.6 2
1740467320888 23.2 3
1740467331115 23.2 4
1740467341343 23.3 5
1740467351416 23.2 6
1740467361498 23.2 7
1740467371606 23.2 8
1740467381832 23.2 9
1740467392055 23.1 10
1740467402380 23.1 11
1740467412543 23.1 12
1740467422683 23.1 13
1740467432701 23.2 14
1740467442898 23.2 15
1740467453091 23.2 16
1740467463228 23.2 17
1740467473246 23.2 18
1740467483475 23.2 19
1740467493686 23.2 20
1740467503941 23.2 21
1740467514187 23.2 22
1740467524329 23.2 23
1740467534385 23.2 24
1740467544611 23.2 25
1740467554744 23.2 26
1740467564847 23.2 27
1740467574941 23.2 28
1740467585148 23.2 29
1740467595182 23.3 30
1740467605312 23.2 31
1740467615495 23.3 32
1740467625831 23.2 33
1740467635978 23.3 34
1740467646264 23.3 35
1740467656423 23.2 36
1740467666609 23.2 37
1740467676758 23.3 38
1740467687188 23.3 39
1740467697435 23.2 40
1740467707541 23.2 41
1740467717683 23.2 42
1740467728011 23.2 43
1740467738188 23.2 44
1740467748489 23.2 45
1740467758932 23.2 46
1740467769168 23.2 47
1740467779543 23.2 48
1740467789630 23.2 49
1740467799755 23.2 50
1740467809786 23.1 51
1740467819921 23.2 52
1740467830127 23.2 53
1740467840313 23.1 54
1740467850367 23.2 55
1740467860507 23.2 56
1740467870525 23.2 57
1740467880802 23.3 58
1740467891168 23.6 59
1740467901359 23.6 60
1740467911598 23.6 61
1740467921735 23.5 62
1740467931973 23.6 63
1740467942295 23.6 64
1740467952373 23.3 65
1740467962526 23.3 66
1740467972640 23.4 67
1740467982966 23.3 68
1740467993335 23.3 69
1740468003641 23.4 70
1740468013785 23.4 71
1740468024068 23.4 72
1740468034257 24.2 73
1740468044557 24.2 74
1740468054882 23.8 75
1740468065155 23.9 76
1740468075280 23.7 77
1740468085332 23.9 78
1740468095465 24.2 79
1740468105489 24.2 80
1740468115692 24.2 81
1740468125943 24.1 82
1740468135971 24.1 83
1740468146193 24.2 84
1740468156225 24.2 85
1740468166450 24.2 86
1740468176699 24.4 87
1740468186949 24.5 88
1740468197209 24.6 89
1740468207318 24.7 90
1740468217500 24.9 91
1740468227618 24.9 92
1740468238031 25.0 93
1740468248093 25.1 94
1740468258235 25.2 95
1740468268396 25.1 96
1740468278677 25.1 97
