1740467290607 4029.1 0
1740467300620 4042.2 1
1740467310677 3958.9 2
1740467320888 3897.6 3
1740467331115 3894.2 4
1740467341343 3901.7 5
1740467351416 3895.6 6
1740467361498 3884.0 7
1740467371606 3892.5 8
1740467381832 3891.5 9
1740467392055 3869.8 10
1740467402380 3872.3 11
1740467412543 3870.8 12
1740467422683 3879.4 13
1740467432701 3886.0 14
1740467442898 3883.5 15
1740467453091 3887.6 16
1740467463228 3886.0 17
1740467473246 3886.5 18
1740467483475 3892.7 19
1740467493686 3884.3 20
1740467503941 3893.3 21
1740467514187 3894.7 22
1740467524329 3890.9 23
1740467534385 3886.9 24
1740467544611 3890.0 25
1740467554744 3889.0 26
1740467564847 3894.4 27
1740467574941 3896.0 28
1740467585148 3894.4 29
1740467595182 3899.1 30
1740467605312 3893.8 31
1740467615495 3903.1 32
1740467625831 3895.1 33
1740467635978 3899.6 34
1740467646264 3902.5 35
1740467656423 3898.3 36
1740467666609 3894.0 37
1740467676758 3900.2 38
1740467687188 3899.0 39
1740467697435 3890.0 40
1740467707541 3887.1 41
1740467717683 3887.0 42
1740467728011 3890.2 43
1740467738188 3895.1 44
1740467748489 3892.1 45
1740467758932 3887.2 46
1740467769168 3882.6 47
1740467779543 3887.8 48
1740467789630 3889.9 49
1740467799755 3889.0 50
1740467809786 3880.2 51
1740467819921 3885.0 52
1740467830127 3883.8 53
1740467840313 3878.6 54
1740467850367 3891.7 55
1740467860507 3887.9 56
1740467870525 3888.5 57
1740467880802 3899.1 58
1740467891168 3949.5 59
1740467901359 3952.0 60
1740467911598 3954.1 61
1740467921735 3942.4 62
1740467931973 3952.0 63
1740467942295 3963.9 64
1740467952373 3913.7 65
1740467962526 3904.8 66
1740467972640 3917.8 67
1740467982966 3906.5 68
1740467993335 3912.6 69
1740468003641 3920.5 70
1740468013785 3930.5 71
1740468024068 3929.4 72
1740468034257 4065.9 73
1740468044557 4059.4 74
1740468054882 3998.8 75
1740468065155 4004.7 76
1740468075280 3977.2 77
1740468085332 4000.8 78
1740468095465 4053.3 79
1740468105489 4060.1 80
1740468115692 4055.9 81
1740468125943 4046.8 82
1740468135971 4047.7 83
1740468146193 4060.1 84
1740468156225 4049.6 85
1740468166450 4060.0 86
1740468176699 4095.8 87
1740468186949 4112.5 88
1740468197209 4120.5 89
1740468207318 4146.8 90
1740468217500 4172.4 91
1740468227618 4175.0 92
1740468238031 4196.0 93
1740468248093 4213.0 94
1740468258235 4223.1 95
1740468268396 4208.1 96
1740468278677 4206.7 97
